"grange.seqnames" "grange.start" "grange.end" "grange.width" "grange.strand" "T.case" "U.case" "T.con" "U.con" "p.vec" "trans.vec" "dist.vec.cmp"
"1" "chr15" 32505886 32518049 12164 "*" 46 49 37 36 0.672362432327402 0.494047619047619 1794885
"2" "chr15" 32518050 32530024 11975 "*" 64 68 60 45 0.927496525177251 0.523206751054852 1807049
"3" "chr15" 32530025 32530130 106 "*" 67 72 64 52 0.891607696154957 0.513725490196078 1819024
"4" "chr15" 32530131 32538342 8212 "*" 67 72 65 51 0.915103368996035 0.517647058823529 1819130
"5" "chr15" 32538343 32549650 11308 "*" 67 73 65 52 0.912356985051639 0.513618677042802 1827342
"6" "chr15" 32549651 32569800 20150 "*" 66 73 65 51 0.931518154131583 0.513725490196078 1838650
"7" "chr15" 32569801 32587887 18087 "*" 66 73 64 51 0.922677761821151 0.511811023622047 1858800
"8" "chr15" 32587888 32595161 7274 "*" 63 71 61 50 0.914064000302371 0.506122448979592 1876887
"9" "chr18" 64897188 64898547 1360 "*" 24 20 26 23 0.525979860323087 0.537634408602151 48106187
"10" "chr18" 64898548 64903148 4601 "*" 24 23 26 23 0.65538742666701 0.520833333333333 48107547
"11" "chr18" 64903149 64904521 1373 "*" 24 23 25 23 0.619618511103962 0.515789473684211 48112148
"12" "chr18" 64904522 64904656 135 "*" 24 23 25 23 0.619618511103962 0.515789473684211 48113521
"13" "chr18" 64904657 64905087 431 "*" 24 22 25 23 0.578323777872987 0.521276595744681 48113656
"14" "chr18" 64905088 64905367 280 "*" 24 22 25 23 0.578323777872987 0.521276595744681 48114087
"15" "chr18" 64905368 64906488 1121 "*" 23 22 25 23 0.618354386617299 0.516129032258065 48114367
"16" "chr19" 20404485 20413667 9183 "*" 46 38 22 28 0.152328788614262 0.507462686567164 3949333
"17" "chr19" 20413668 20418018 4351 "*" 49 48 26 38 0.14232256966841 0.46583850931677 3944982
"18" "chr19" 20418019 20422199 4181 "*" 59 55 40 43 0.363444792084802 0.50253807106599 3940801
"19" "chr19" 20422200 20482954 60755 "*" 60 55 40 43 0.341370561206912 0.505050505050505 3880046
"20" "chr19" 20482955 20493452 10498 "*" 60 55 40 42 0.372579518066481 0.50761421319797 3869548
"21" "chr19" 20493453 20507068 13616 "*" 55 54 38 41 0.432041177054598 0.49468085106383 3855932
"22" "chr2" 41092148 41101972 9825 "*" 71 70 61 58 0.606390911777438 0.507692307692308 36007147
"23" "chr20" 52081230 52081774 545 "*" 48 46 40 28 0.872582805810443 0.54320987654321 8515226
"24" "chr20" 52081775 52088118 6344 "*" 49 49 41 29 0.895420160952784 0.535714285714286 8508882
"25" "chr3" 46771354 46825614 54261 "*" 15 19 18 14 0.891047949369014 0.5 19285386
"26" "chr4" 161271979 161276892 4914 "*" 26 34 34 28 0.926887838797131 0.491803278688525 15990978
"27" "chr4" 161276893 161290509 13617 "*" 27 38 36 28 0.967863163111781 0.488372093023256 15995892
"28" "chr4" 161290510 161291569 1060 "*" 27 36 35 28 0.945796035140701 0.492063492063492 16009509
"29" "chr5" 8756085 8756147 63 "*" 18 31 29 18 0.996144200169974 0.489583333333333 7892084
"30" "chr5" 8756148 8756614 467 "*" 19 31 29 18 0.994590267029455 0.494845360824742 7892147
"31" "chr5" 8756615 8800106 43492 "*" 19 32 29 18 0.995779501575771 0.489795918367347 7892614
"32" "chr5" 97074222 97075235 1014 "*" 32 30 18 28 0.13751598003902 0.462962962962963 1711765
"33" "chr5" 97075236 97076367 1132 "*" 36 33 20 30 0.129755178107668 0.470588235294118 1710633
"34" "chr5" 97076368 97087516 11149 "*" 36 33 20 31 0.110814712309787 0.466666666666667 1699484
"35" "chr5" 97087517 97121798 34282 "*" 36 34 20 31 0.125841858727941 0.462809917355372 1665202
"36" "chr5" 97121799 97125076 3278 "*" 36 34 20 30 0.146467353811681 0.466666666666667 1661924
"37" "chr6" 67075448 67079426 3979 "*" 80 75 60 47 0.79881520903412 0.534351145038168 4831447
"38" "chr6" 67079427 67101257 21831 "*" 80 75 61 47 0.817102070406686 0.536121673003802 4835426
"39" "chr6" 67101258 67104015 2758 "*" 79 74 61 47 0.815753152681177 0.53639846743295 4857257
"40" "chr6" 67104016 67105019 1004 "*" 78 74 61 47 0.828679523383063 0.534615384615385 4860015
"41" "chr6" 79029649 79029919 271 "*" 149 147 80 76 0.613953348162788 0.506637168141593 16697081
"42" "chr6" 79029920 79031110 1191 "*" 149 147 80 76 0.613953348162788 0.506637168141593 16695890
"43" "chr6" 79031111 79031808 698 "*" 171 161 89 87 0.456937112462001 0.511811023622047 16695192
"44" "chr6" 79031809 79034385 2577 "*" 172 164 93 90 0.504372395696772 0.510597302504817 16692615
"45" "chr6" 79034386 79036116 1731 "*" 172 171 105 92 0.786718758619154 0.512962962962963 16690884
"46" "chr6" 79036117 79039486 3370 "*" 172 172 107 92 0.825287185035997 0.513812154696133 16687514
"47" "chr6" 79039487 79042355 2869 "*" 172 173 110 94 0.843644977451501 0.513661202185792 16684645
"48" "chr6" 79042356 79056616 14261 "*" 172 174 110 95 0.837483643223371 0.511796733212341 16670384
"49" "chr6" 79056617 79063711 7095 "*" 172 175 112 95 0.869038666160261 0.512635379061372 16663289
"50" "chr6" 79063712 79065998 2287 "*" 172 175 113 97 0.854996104218013 0.511669658886894 16661002
"51" "chr6" 79065999 79069277 3279 "*" 172 175 114 97 0.866429278982489 0.512544802867383 16657723
"52" "chr6" 79069278 79070425 1148 "*" 172 175 114 98 0.853705040848541 0.511627906976744 16656575
"53" "chr6" 79070426 79075015 4590 "*" 172 175 113 98 0.841559177175228 0.510752688172043 16651985
"54" "chr6" 79075016 79077157 2142 "*" 172 175 114 99 0.840286163183812 0.510714285714286 16649843
"55" "chr6" 79077158 79081009 3852 "*" 172 175 115 99 0.852425239960824 0.511586452762923 16645991
"56" "chr6" 79081010 79083326 2317 "*" 171 172 114 99 0.823336835726632 0.512589928057554 16643674
"57" "chr6" 79083327 79086086 2760 "*" 171 162 112 96 0.743249692664845 0.523105360443623 16640914
"58" "chr6" 79086087 79088461 2375 "*" 171 162 112 95 0.761649167415466 0.524074074074074 16638539
"59" "chr6" 79088462 79090197 1736 "*" 167 161 111 93 0.809033750818216 0.522556390977444 16636803
"60" "chr7" 141419097 141420758 1662 "*" 83 43 74 91 0.000266672750900178 0.539518900343643 1508242
"61" "chr7" 141420759 141423760 3002 "*" 83 44 75 90 0.000521182547975054 0.541095890410959 1505240
"62" "chr7" 141423761 141427767 4007 "*" 83 45 75 90 0.000693756926649216 0.539249146757679 1501233
"63" "chr7" 141427768 141429471 1704 "*" 83 45 75 89 0.00082763280828735 0.541095890410959 1499529
"64" "chr7" 141429472 141433796 4325 "*" 83 44 75 89 0.000624094948826202 0.542955326460481 1495204
"65" "chr7" 141433797 141435188 1392 "*" 82 42 74 82 0.00126666665081283 0.557142857142857 1493812
"66" "chr7" 141435189 141439888 4700 "*" 77 31 67 75 0.0000983393111937003 0.576 1489112
"67" "chr7" 141439889 141441259 1371 "*" 12 17 13 38 0.111218503103805 0.3125 1487741
"68" "chr8" 39356825 39370186 13362 "*" 154 91 27 37 0.0023273189840691 0.585760517799353 4519814
"69" "chr8" 39370187 39379683 9497 "*" 168 116 31 45 0.00321047201000148 0.552777777777778 4510317
"70" "chr8" 39379684 39393417 13734 "*" 170 121 31 45 0.0044362370107729 0.547683923705722 4496583
"71" "chr8" 39393418 39401865 8448 "*" 171 129 32 45 0.0108658796308135 0.538461538461538 4488135
"72" "chr8" 39401866 39408899 7034 "*" 171 129 33 45 0.0142638415202854 0.53968253968254 4481101
"73" "chr8" 39408900 39421343 12444 "*" 171 131 33 45 0.0165224397159998 0.536842105263158 4468657
"74" "chr8" 39421344 39428326 6983 "*" 172 134 34 48 0.0121783843581754 0.530927835051546 4461674
"75" "chr8" 39428327 39442543 14217 "*" 172 135 34 50 0.00803833757037465 0.526854219948849 4447457
"76" "chr8" 39442544 39449313 6770 "*" 172 136 34 50 0.00869545041388716 0.525510204081633 4440687
"77" "chr8" 39449314 39449314 1 "*" 172 138 34 50 0.0101376781067247 0.522842639593909 4440686
"78" "chr8" 39449315 39450167 853 "*" 171 136 34 49 0.0118342806955198 0.525641025641026 4439833
"79" "chr8" 39450168 39457081 6914 "*" 169 132 31 42 0.0243952619625597 0.53475935828877 4432919
"80" "chr8" 39457082 39460087 3006 "*" 168 128 31 42 0.0196451555817388 0.53929539295393 4429913
"81" "chr8" 39460088 39469612 9525 "*" 160 115 30 42 0.00889040329887879 0.547550432276657 4420388
"82" "chr8" 39469613 39473097 3485 "*" 159 112 28 36 0.0218392721718235 0.558208955223881 4416903
"83" "chr8" 39473098 39476658 3561 "*" 159 112 27 37 0.0124822842452898 0.555223880597015 4413342
"84" "chr8" 39476659 39497557 20899 "*" 146 78 21 26 0.00741841742182516 0.616236162361624 4392443
