"grange.seqnames" "grange.start" "grange.end" "grange.width" "grange.strand" "T.case" "U.case" "T.con" "U.con" "trans.cleft.ma" "untrans.cleft.ma" "trans.cleft.fa" "untrans.cleft.fa" "trans.con.ma" "untrans.con.ma" "trans.con.fa" "untrans.con.fa" "trans.clp1" "untrans.clp1" "trans.clp2" "untrans.clp2" "trans.clp3" "untrans.clp3" "p.vec" "transrate.all.testable." "transrate.con.testable." "transrate.cleft.testable." "dist.vec"
"1" "chr15" 32459510 32631865 172356 "*" 64 69 64 46 37 39 29 33 33 26 29 20 18 17 18 17 28 35 0.954889193072536 0.526748971193416 0.581818181818182 0.481203007518797 1748509
"2" "chr18" 64879175 64906488 27314 "*" 23 22 26 20 15 13 9 10 13 12 11 9 8 3 4 6 11 13 0.76656726460837 0.538461538461538 0.565217391304348 0.511111111111111 48088174
"3" "chr19" 20349698 20523385 173688 "*" 58 46 40 38 27 29 31 23 22 18 15 23 17 15 18 13 23 18 0.326014089269621 0.538461538461538 0.512820512820513 0.557692307692308 3839615
"4" "chr2" 40785003 41129076 344074 "*" 67 66 57 52 36 33 32 34 24 18 35 38 25 22 19 15 23 29 0.664931252418447 0.512396694214876 0.522935779816514 0.503759398496241 35700002
"5" "chr20" 52080333 52094148 13816 "*" 46 47 40 29 20 21 27 27 13 8 28 21 13 17 15 13 18 17 0.891183397496855 0.530864197530864 0.579710144927536 0.494623655913978 8502852
"6" "chr3" 46765401 46827683 62283 "*" 14 19 18 14 8 10 7 9 7 8 11 6 3 7 2 3 9 9 0.913731778571966 0.492307692307692 0.5625 0.424242424242424 19283317
"7" "chr4" 161252445 161314427 61983 "*" 27 35 35 27 14 17 11 20 13 9 22 18 6 10 8 10 13 15 0.947184876164609 0.5 0.564516129032258 0.435483870967742 15971444
"8" "chr5" 8756085 8811041 54957 "*" 19 30 29 18 7 16 11 15 19 7 10 11 5 9 3 1 11 20 0.993068046810171 0.5 0.617021276595745 0.387755102040816 7892084
"9" "chr5" 97073409 97267981 194573 "*" 36 31 20 30 19 18 14 14 9 14 11 17 9 9 12 10 15 12 0.0994590346588437 0.478632478632479 0.4 0.537313432835821 1519019
"10" "chr6" 67065007 67111682 46676 "*" 76 63 58 44 33 33 39 35 26 21 33 24 29 22 17 21 30 20 0.680105537386933 0.556016597510373 0.568627450980392 0.546762589928058 4821006
"11" "chr6" 79022244 79098876 76633 "*" 158 121 108 80 70 77 72 70 57 40 48 51 52 38 45 30 61 53 0.606066842414758 0.569593147751606 0.574468085106383 0.566308243727599 16628124
"12" "chr7" 141380317 141447476 67160 "*" 69 39 68 78 40 23 39 20 35 45 37 42 17 14 21 10 31 15 0.00442159319979219 0.539370078740158 0.465753424657534 0.638888888888889 1481524
"13" "chr8" 39341981 39548228 206248 "*" 147 108 32 45 89 60 80 64 10 17 21 30 51 31 38 33 58 44 0.00937542289931351 0.539156626506024 0.415584415584416 0.576470588235294 4341772
